Game:  Asterix
[0.92733766 0.90637734 0.40084108 0.9649992  0.81007672] 0.9063773363463925
Game:  Breakout
[0.98895747 1.26129569 1.21471191 0.64889862 0.62457585] 0.9889574710381832
Game:  Pong
[1.08551132 1.07410351 1.02012376 1.05888998 1.05347703] 1.0588899756029817
Game:  Seaquest
[1.07252877 1.13768603 0.63406433 0.77431541 0.64549762] 0.7743154064841982
Game:  Qbert
[1.14796646 1.15692568 0.86774127 0.67664534 1.07689199] 1.076891988229336
Game:  SpaceInvaders
[0.57346397 0.50430536 0.55126366 0.50879024 0.56971161] 0.5512636615086214
Game:  DoubleDunk
[-0.24680069 -0.00199379 -0.64022474  0.0594073  -0.08093804] -0.08093804232872992
Game:  Enduro
[1.35863261 1.36418029 1.18091621 1.33860698 1.10850965] 1.3386069751697547
Game:  Asterix
[0.59031064 0.56189248 0.26153865 0.38534134 0.44136268] 0.4413626803981734
Game:  Breakout
[0.79852759 1.03076199 0.94004437 0.29999511 0.49147223] 0.7985275894650364
Game:  Pong
[1.09409731 0.98890536 0.98622632 1.04931115 0.98302743] 0.9889053564848812
Game:  Seaquest
[0.74834104 1.12098786 0.32009744 0.53244314 0.47972036] 0.5324431435654422
Game:  Qbert
[1.12156447 1.41970249 0.92124069 0.72247157 1.10675266] 1.1067526604811606
Game:  SpaceInvaders
[0.43372139 0.32798135 0.45811297 0.49660493 0.54717483] 0.4581129719902481
Game:  DoubleDunk
[ 0.78920302  0.67692673 -0.50197406  0.34009797 -0.40841059] 0.34009797037841794
Game:  Enduro
[1.44874809 1.26848333 1.71793673 1.17173775 1.46978855] 1.448748091549338
Game:  Asterix
[0.45216074 0.49163541 0.2341021  0.48601222 0.39112814] 0.4521607364361497
Game:  Breakout
[0.82452036 0.82934661 1.08513768 0.55797992 0.48253981] 0.8245203625316276
Game:  Pong
[1.12667022 1.08564319 1.04780473 1.10275504 1.12622811] 1.1027550432188926
Game:  Seaquest
[0.76282905 0.70487686 0.58326755 0.49130019 0.61527179] 0.6152717913821543
Game:  Qbert
[1.07513568 1.33846371 1.17607396 1.20149417 1.28301477] 1.2014941680561553
Game:  SpaceInvaders
[0.42421511 0.39358707 0.44063682 0.45107165 0.33495174] 0.42421511374904364
Game:  DoubleDunk
[1.18217    0.1889568  0.34009797 0.2699253  0.44535697] 0.34009797037841794
Game:  Enduro
[0.82987238 0.84029114 0.76196988 0.75221751 0.74936232] 0.7619698799376744